0 0 
150
1 1 -1
1 -1 1 -1 -1 -1 1 -1

0 1
42
1 -1 1
-1 -1 1 1 -1 -1 -1 -1

0 2
60
1 -1 1
-1 -1 1 1 -1 -1 -1 -1

0 3
0
-1 -1 -1
1 -1 -1 1 1 -1 -1 -1

1 0
42
1 -1 1
1 1 -1 -1 -1 -1 -1 -1

1 1
102
1 -1 1
1 -1 1 -1 -1 1 1 -1

1 2 
0
-1 -1 -1 
1 -1 -1 1 1 -1 -1 1 

1 3
60
-1 -1 1
1 1 -1 -1 -1 -1 -1 -1

2 0
60
1 -1 1
1 1 -1 -1 -1 -1 -1 -1

2 1
0
1 -1 -1
-1 1 1 -1 -1 -1 1 1

2 2
102
-1 -1 1
-1 1 -1 1 -1 1 1 -1

2 3
42
-1 -1 1
1 1 -1 -1 -1 -1 -1 -1

3 0
0
1 -1 -1 
-1 1 1 -1 -1 -1 -1 1 

3 1
60
-1 -1 1 
-1 -1 1 1 -1 -1 -1 -1

3 2
42
-1 -1 1 
-1 -1 1 1 -1 -1 -1 -1

3 3
150
-1 1 -1
-1 1 -1 1 -1 1 -1 -1